3 0.850607 0.619328 0.298786 0.169748
2 0.727614 0.730246 0.429788 0.104119
2 0.302369 0.814575 0.186487 0.257042
4 0.362649 0.576572 0.499988 0.152829
4 0.385633 0.411826 0.185247 0.336134
2 0.670803 0.354182 0.511098 0.051937
4 0.686848 0.398187 0.115009 0.176816
4 0.277867 0.127731 0.555735 0.255462
4 0.720078 0.170588 0.161336 0.126050
3 0.728572 0.423529 0.542857 0.413445
1 0.296752 0.414784 0.143417 0.225210
5 0.141923 0.806729 0.271895 0.225197
2 0.237730 0.333680 0.080672 0.142857
5 0.147899 0.445378 0.050794 0.047059
